1.

[210]> (answer-1 '(1 -2 3 4) '(6 7 2))
(1 3 4 6 7)
[211]> (answer-1 '(2 5 -6 7) '(1 -2 3 6 7))
(5 1 3 7)


2.

[213]> (answer-2 '(1 -2 -3 4) '((1 2) (-3 -4)))
T
[214]> (answer-2 '(1 -2 -3 4) '((-1 -4) (2 3)))
NIL


3.

[215]> (answer-3 '((1 2) (6 4) (2 5) (1 6) (3 3) (4 6)))
T
[216]> (answer-3 '((1 2) (2 4) (3 6) (4 8) (5 3) (6 1) (7 7) (8 5)))
NIL


4.

[204]> (answer-4 '((1 2) (3 4) (5 6)) '((8 9) (9 10) (11 9)))
4.2426405
[205]> (answer-4 '((4 6) (7 8) (12 12)) '((3 9) (4 12) (7 12)))
3.1622777